---
entries_001:
  id: 1
  rivalry_id: 1
  character_id: 2
  votes_count: 0
  created_at: 2011-12-03 01:07:09.966950000Z
  updated_at: 2011-12-03 01:07:09.966950000Z
entries_002:
  id: 2
  rivalry_id: 1
  character_id: 1
  votes_count: 0
  created_at: 2011-12-03 01:07:09.969766000Z
  updated_at: 2011-12-03 01:07:09.969766000Z
