---
beyonceorrihanna:
  id: 1
  created_at: 2011-12-06 06:21:18.130657000Z
  updated_at: 2011-12-06 06:21:18.130657000Z
rivalries_001:
  id: 2
  created_at: 2011-12-06 06:21:18.278122000Z
  updated_at: 2011-12-06 06:21:18.278122000Z
