---
beyonceorrihanna:
  id: 1
  created_at: 2011-12-07 04:15:53.729776000Z
  updated_at: 2011-12-07 04:15:53.729776000Z
rivalries_001:
  id: 2
  created_at: 2011-12-07 04:15:53.816296000Z
  updated_at: 2011-12-07 04:15:53.816296000Z
