---
rivalries_001:
  id: 1
  created_at: 2011-12-03 01:07:09.918804000Z
  updated_at: 2011-12-03 01:07:09.918804000Z
