---
rivalries_001:
  id: 1
  created_at: 2011-12-04 16:41:10.855169000Z
  updated_at: 2011-12-04 16:41:10.855169000Z
