---
rivalries_001:
  id: 1
  created_at: 2011-11-27 18:35:43.928425000Z
  updated_at: 2011-11-27 18:35:43.928425000Z
