---
beyonceorrihanna:
  id: 6
  created_at: 2011-12-29 05:55:07.713542000Z
  updated_at: 2011-12-29 05:55:07.713542000Z
rivalries_001:
  id: 7
  created_at: 2011-12-29 05:55:07.767547000Z
  updated_at: 2011-12-29 05:55:07.767547000Z
