---
rivalry_characters_001:
  id: 10
  rivalry_id: 6
  character_id: 11
  votes_count: 0
  created_at: 2011-12-29 05:55:07.763617000Z
  updated_at: 2011-12-29 05:55:07.763617000Z
rivalry_characters_002:
  id: 11
  rivalry_id: 6
  character_id: 10
  votes_count: 0
  created_at: 2011-12-29 05:55:07.766163000Z
  updated_at: 2011-12-29 05:55:07.766163000Z
rivalry_characters_003:
  id: 12
  rivalry_id: 7
  character_id: 12
  votes_count: 0
  created_at: 2011-12-29 05:55:07.772927000Z
  updated_at: 2011-12-29 05:55:07.772927000Z
rivalry_characters_004:
  id: 13
  rivalry_id: 7
  character_id: 13
  votes_count: 0
  created_at: 2011-12-29 05:55:07.778129000Z
  updated_at: 2011-12-29 05:55:07.778129000Z
