---
rivalries_001:
  id: 1
  created_at: 2011-12-03 01:57:20.290187000Z
  updated_at: 2011-12-03 01:57:20.290187000Z
