---
users_001:
  id: 16
  email: clare@vonrueden.biz
  encrypted_password: 109d8052b4b134ba935e4edabb6e69a6c9fbdcbb
  salt: 17f7f00c9a416dad69036ba6ebd9976a9690460d
  confirmation_token: !!null 
  remember_token: 898fa2f43387fc25b63af4808957427e72ec7d98
  created_at: 2011-11-16 03:07:26.621538000Z
  updated_at: 2011-11-16 03:07:26.621538000Z
