---
users_001:
  id: 1
  email: alexandrea_price@mann.com
  encrypted_password: 29656da5380959763b173d0b8e63439bdd9e7288
  salt: 88cb4caf6ae2ae4a6648bdb46801bdea0182f8ef
  confirmation_token: !!null 
  remember_token: 322641fbf5f799976dd207aa2ea919911a5c26c3
  created_at: 2011-11-19 03:08:54.549379000Z
  updated_at: 2011-11-19 03:08:54.549379000Z
