---
users_001:
  id: 14
  email: howell@bernier.name
  encrypted_password: 3d74f1dd3e6bd075f20299ee63bbf7c277b1bab1
  salt: 3453b514b0476a452b7719a3fdd94175f5008600
  confirmation_token: !!null 
  remember_token: 53f883a72f7079d1a58dcadd83cbffd04004c79b
  created_at: 2011-11-07 04:37:05.726412000Z
  updated_at: 2011-11-07 04:37:05.726412000Z
